Voltage 1 (V)	Voltage 2 (V)
-7.049860018750193191e+00 1.609147401836552138e+00
-6.219207204601044481e+00 1.819415163864766427e+00
-5.023026336094716271e+00 1.090778830409929512e+00
-4.391756789408233885e+00 1.784231469384689239e+00
-2.800244861252558337e+00 1.135442472879652165e+00
-1.613012132392291242e+00 1.069985692076109052e+00
-9.234664378351302716e-01 1.065207107926112506e+00
-3.987480747909657453e-01 1.151744437355532336e+00
1.498574398039121292e+00 1.833433194330822413e+00
1.948514870743824901e+00 1.073260047410557139e+00
3.066481765226296119e+00 8.546150353646098097e-01
3.950565476455158986e+00 1.271712835554511756e+00
5.261230363390945186e+00 1.166788695171960821e+00
5.972020041126476997e+00 1.096847621879751600e+00
6.822232815636118275e+00 1.133232396542859233e+00
8.056384194314677671e+00 1.525080405244729764e+00
9.394054755670623535e+00 1.411851389138928381e+00
1.023312063889417800e+01 1.404609097764005110e+00
1.079742519218644858e+01 1.637574166333043202e+00
1.231768504793770447e+01 1.446463803044027108e+00
1.283344186676465526e+01 1.093653619822905432e+00
1.356070521673651896e+01 2.121151106805574393e+00
1.525681404770529426e+01 3.138048450603865724e+00
1.577951430248495512e+01 2.543335517917020283e+00
1.729300198618618722e+01 4.815258805266283915e+00
1.834296535200257594e+01 5.453617956448962190e+00
1.908501422209288378e+01 5.543543553037259208e+00
2.027074076218558929e+01 6.249022658319913326e+00
2.051497171796781416e+01 5.445665594359827999e+00
2.188706918639411114e+01 5.843381166992489106e+00
2.321784333328228556e+01 7.600840345593496750e+00
2.409589370078286663e+01 8.796142557372558457e+00
2.484277583687946489e+01 9.066942611211979752e+00
2.574482817066619589e+01 8.067305525135120448e+00
2.654063751849027852e+01 1.035957320034624551e+01
2.801410017653805085e+01 9.193828970662188738e+00
2.931654263028679708e+01 1.036699836608453751e+01
2.964597844894683476e+01 1.180645363101793777e+01
3.145646262799123605e+01 1.149663588105339684e+01
3.205941006383266512e+01 1.132231528988282143e+01
3.338757585252253079e+01 1.216164613234570346e+01
3.387548473679567707e+01 1.346309680733867964e+01
3.484013315504781616e+01 1.457101691365523699e+01
3.635288382375177463e+01 1.462349024743288695e+01
3.681483529905967345e+01 1.484556431156071810e+01
3.787589131539971987e+01 1.569010994254400693e+01
3.872667226282602115e+01 1.564951242462428027e+01
3.964256053398195689e+01 1.712187887204613546e+01
4.099767349247947124e+01 1.636224612897999009e+01
4.224363244420129604e+01 1.836034552429703837e+01
4.256625357624444206e+01 1.821364532987538354e+01
4.430527884122658833e+01 1.796593764093955059e+01
4.493108877262349665e+01 1.852978198459342352e+01
4.645629229831194351e+01 1.924099093307651387e+01
4.654141158347418639e+01 2.055998841285381928e+01
4.840912263925191183e+01 2.195165958420734142e+01
4.904093745804652116e+01 2.253472422086964144e+01
4.976784361231101883e+01 2.171112470453632781e+01
5.087369649640973535e+01 2.267934044668426097e+01
5.169035808395717169e+01 2.329364679656539394e+01
5.345843427820948790e+01 2.381115220248914710e+01
5.355426804574830157e+01 2.313775758264117854e+01
5.477499046281865702e+01 2.348595494831616648e+01
5.645221687046807801e+01 2.325703565024988961e+01
5.651625183721129275e+01 2.334248010075148727e+01
5.846447472543825086e+01 2.291087078657267995e+01
5.890253889030071832e+01 2.358849104219208215e+01
5.959087639018956395e+01 2.292332043660720231e+01
6.108210941590060372e+01 2.359823464612286159e+01
6.228860118748835362e+01 2.316248965978427776e+01
6.278035854895183832e+01 2.303707893844246968e+01
6.370137474057219151e+01 2.308416648759089185e+01
6.457429098757900476e+01 2.359633456627057768e+01
6.573603542693352608e+01 2.327688336761398702e+01
6.658724844978873136e+01 2.372166983108568772e+01
6.778227870360397844e+01 2.306156635622882334e+01
6.930972284050507426e+01 2.302186456532157521e+01
6.983872537021329663e+01 2.350871369836493940e+01
7.105539640977387705e+01 2.384420017074907960e+01
7.238148107109738305e+01 2.362395155568800931e+01
