Frequency (Hz)	Gain (dB)
1.000000000000000000e+02 2.280993098389173246e-01
1.237635028472481338e+02 1.563079950182747480e-01
1.531740463702079751e+02 2.796063720796790886e-01
1.895735652406375493e+02 -2.401113163389925198e-01
2.346228848142262393e+02 2.675538437291107297e-01
2.903775007273505935e+02 3.744773593820429070e-01
3.593813663804625662e+02 2.644055272335091300e-01
4.447829676127630592e+02 3.736690507341691170e-01
5.504789807854967876e+02 1.785319969106186067e-01
6.812920690579608163e+02 -6.654500702962307113e-03
8.431909292866250780e+02 -1.013999324593969353e-01
1.043562629775390178e+03 1.754222513145222984e-01
1.291549665014884113e+03 6.721110500391741516e-01
1.598467106434319703e+03 6.948965113355366485e-01
1.978318882784164316e+03 1.469470688401816272e+00
2.448436746822226723e+03 2.024001983502341950e+00
3.030271082866396227e+03 3.584687625051976134e+00
3.750369637922689435e+03 6.938737464595526205e+00
4.641588833612777307e+03 1.472676458902701846e+01
5.744592928245901021e+03 1.049007023394399063e+01
7.109709432312431090e+03 1.833489974938958544e-01
8.799225435691074381e+03 -6.369935526559460826e+00
1.089022962263728368e+04 -1.078287877860725530e+01
1.347812964908458162e+04 -1.564623728534386693e+01
1.668100537200059262e+04 -1.946816495453786544e+01
2.064499655852556680e+04 -2.398635986313483670e+01
2.555097090352507075e+04 -2.742780506887510228e+01
3.162277660168379225e+04 -3.120220440320962751e+01